193
888
307
821
613
691
822
655
245
686
323
875
616
4
832
749
89
416
801
582
123
591
896
393
698
428
971
772
712
27
876
183
906
314
321
121
312
464
678
510
989
700
219
363
625
825
911
942
850
746
295
687
865
996
791
893
614
483
383
564
985
598
507
418
980
779
432
947
485
268
913
364
427
17
338
162
532
170
794
359
350
804
203
460
283
703
218
278
494
177
720
98
212
210
96
461
328
372
512
286
658
587
628
84
237
158
227
849
197
390
296
866
247
272
253
491
771
352
797
546
730
814
422
194
48
605
946
979
100
921
713
612
757
718
530
767
168
287
904
844
867
563
586
224
880
717
671
276
600
331
117
366
365
451
468
131
220
733
1000
789
325
964
178
92
768
993
202
567
424
690
156
319
153
585
748
890
341
308
885
94
800
44
834
528
624
902
948
389
747
226
125
446
115
692
250
442
751
944
739
837
937
382
787
742
562
647
839
539
745
521
966
299
955
477
571
731
957
246
732
437
5
565
362
819
677
843
766
498
143
629
695
214
514
355
357
988
261
559
529
487
119
799
636
936
51
221
992
417
179
728
326
186
858
523
330
499
456
317
426
774
204
24
67
860
421
583
141
266
144
661
97
479
109
105
132
284
878
568
354
50
454
579
425
68
440
796
606
511
593
449
643
550
399
862
431
674
762
65
818
409
615
472
952
80
232
414
820
57
506
956
573
378
851
274
21
675
291
301
104
404
531
778
725
990
685
727
47
32
60
77
37
618
670
52
793
475
42
744
8
935
630
361
651
870
903
334
633
392
533
459
543
775
297
892
781
137
569
809
23
374
146
103
188
987
905
974
665
784
135
74
29
300
81
721
113
375
411
741
666
223
813
864
588
574
668
684
207
710
496
765
831
191
63
429
216
169
788
7
848
215
836
43
940
333
816
118
644
617
271
534
513
46
922
55
853
835
941
108
480
455
270
660
306
434
729
930
465
298
358
962
553
149
737
91
38
61
211
289
256
986
522
976
752
163
20
195
86
88
783
2
255
90
934
39
891
209
900
715
384
71
943
73
596
887
70
189
500
798
335
594
174
152
176
329
542
26
342
907
659
228
318
681
908
142
367
811
592
242
14
626
648
347
706
463
694
960
599
689
313
206
433
346
578
377
845
302
327
122
148
407
535
340
847
360
524
581
547
405
145
572
495
589
420
356
294
755
637
504
205
649
348
662
933
410
275
419
19
705
621
408
641
635
397
458
398
239
15
683
829
159
558
549
192
413
155
645
898
603
182
770
607
490
58
160
99
709
901
395
82
136
786
400
83
556
805
476
469
492
161
349
518
453
124
972
897
782
267
909
49
991
868
190
704
526
826
846
387
12
173
353
973
697
758
750
401
311
167
541
292
951
663
488
915
576
450
231
877
833
863
802
129
652
823
701
623
213
235
381
116
18
260
198
234
470
93
412
369
11
608
79
753
894
590
269
924
743
385
872
452
928
738
305
682
164
31
248
185
332
444
85
642
339
602
601
763
435
740
439
580
151
107
764
128
508
230
489
975
281
638
263
28
726
114
320
251
650
368
536
154
45
918
584
861
201
33
927
548
233
950
555